10
1 1 2
2 1 5
3 1 10
4 1 17
5 1 26
6 1 37
7 1 50
8 1 65
9 1 82
10 1 101
1 2 5
2 2 8
3 2 13
4 2 20
5 2 29
6 2 40
7 2 53
8 2 68
9 2 85
10 2 104
1 3 10
2 3 13
3 3 18
4 3 25
5 3 34
6 3 45
7 3 58
8 3 73
9 3 90
10 3 109
1 4 17
2 4 20
3 4 25
4 4 32
5 4 41
6 4 52
7 4 65
8 4 80
9 4 97
10 4 116
1 5 26
2 5 29
3 5 34
4 5 41
5 5 50
6 5 61
7 5 74
8 5 89
9 5 106
10 5 125
1 6 37
2 6 40
3 6 45
4 6 52
5 6 61
6 6 72
7 6 85
8 6 100
9 6 117
10 6 136
1 7 50
2 7 53
3 7 58
4 7 65
5 7 74
6 7 85
7 7 98
8 7 113
9 7 130
10 7 149
1 8 65
2 8 68
3 8 73
4 8 80
5 8 89
6 8 100
7 8 113
8 8 128
9 8 145
10 8 164
1 9 82
2 9 85
3 9 90
4 9 97
5 9 106
6 9 117
7 9 130
8 9 145
9 9 162
10 9 181
1 10 101
2 10 104
3 10 109
4 10 116
5 10 125
6 10 136
7 10 149
8 10 164
9 10 181
10 10 200
