10
1 1 0.4546487134128409
2 1 -0.35017548837401463
3 1 -0.833049961066805
4 1 -0.5500221413615028
5 1 0.23869349855450117
6 1 0.8079554366909637
7 1 0.6343868724111538
8 1 -0.12243405673851628
9 1 -0.7666896787563757
10 1 -0.70605434589623
1 2 0.49129549643388193
2 2 -0.37840124765396416
3 2 -0.9001976297355174
4 2 -0.5943564625123038
5 2 0.2579332953294609
6 2 0.8730803709656549
7 2 0.6855213799524474
8 2 -0.13230280634522198
9 2 -0.8284884026347462
10 2 -0.7629655823119084
1 3 0.07624746575887673
2 3 -0.05872664492762098
3 3 -0.13970774909946293
4 3 -0.09224219304455371
5 3 0.04003040989885004
6 3 0.13549923859094465
7 3 0.10639069220927921
8 3 -0.020532965943782493
9 3 -0.12857870990075454
10 3 -0.11840978094607407
1 4 -0.4089021333016356
2 4 0.3149409643133779
3 4 0.7492287917633427
4 4 0.4946791233116909
5 4 -0.21467624978306993
6 4 -0.7266592688575256
7 4 -0.5705551073052852
8 4 0.11011478865374665
9 4 0.6895456557448896
10 4 0.635011426946898
1 5 -0.5181089967534271
2 5 0.39905330338932815
3 5 0.9493278367245317
4 5 0.6267947350248265
5 5 -0.2720105554446849
6 5 -0.9207305956792999
7 5 -0.7229351724130583
8 5 0.13952351438338687
9 5 0.8737049255013992
10 5 0.8046060574101277
1 6 -0.1509688379721747
2 6 0.11627787565772676
3 6 0.2766192466508119
4 6 0.18263815796815594
5 6 -0.07925961087140347
6 6 -0.26828645900021747
7 6 -0.21065197399062777
8 6 0.04065496443459431
9 6 0.2545839160486248
10 6 0.23444958932143145
1 7 0.35497137421222796
2 7 -0.27340289471069096
3 7 -0.650411803098649
4 7 -0.4294350992454181
5 7 0.18636225441262333
6 7 0.6308190108172687
7 7 0.4953036778474351
8 7 -0.09559157232538983
9 7 -0.5986003717453734
10 7 -0.551258749969712
1 8 0.5345525419802729
2 8 -0.4117183045441479
3 8 -0.979457240606921
4 8 -0.6466877066541816
5 8 0.2806435224432541
6 8 0.949952391260276
7 8 0.7458794124825067
8 8 -0.14395165833253265
9 8 -0.9014342383437266
10 8 -0.8301423367986789
1 9 0.222668567867006
2 9 -0.1715018039159572
3 9 -0.40799420809968046
4 9 -0.2693786189182488
5 9 0.11690243019347103
6 9 0.39570392410849203
7 9 0.3106970550803082
8 9 -0.05996325353583019
9 9 -0.375493623385838
10 9 -0.3457968875724721
1 10 -0.29393586065447347
2 10 0.2263926643114734
3 10 0.5385768177727149
4 10 0.3555959287479722
5 10 -0.1543182172530108
6 10 -0.5223529059864968
7 10 -0.4101387419098448
8 10 0.0791550900270028
9 10 0.4956740972354244
10 10 0.4564726253638138
